%YAML:1.0
---
R: !!opencv-matrix
   rows: 3
   cols: 3
   dt: d
   data: [ 9.9999964045696688e-01, 2.2902949627564729e-04,
       8.1647500069746725e-04, -2.2587002118725486e-04,
       9.9999249511478805e-01, -3.8676474547132858e-03,
       -8.1735467849463922e-04, 3.8674616469018814e-03,
       9.9999218730535044e-01 ]
T: !!opencv-matrix
   rows: 3
   cols: 1
   dt: d
   data: [ -4.1180169539115603e+00, 4.1632767786873295e-03,
       3.0555697643853189e-02 ]
R1: !!opencv-matrix
   rows: 3
   cols: 3
   dt: d
   data: [ 9.9997789532397319e-01, -8.1062744823791864e-04,
       -6.5993747110675476e-03, 7.9786279298074811e-04,
       9.9999780644701231e-01, -1.9366249320623386e-03,
       6.6009301163163009e-03, 1.9313167280567306e-03,
       9.9997634858895301e-01 ]
R2: !!opencv-matrix
   rows: 3
   cols: 3
   dt: d
   data: [ 9.9997196190681981e-01, -1.0109623381694668e-03,
       -7.4197948338593622e-03, 1.0253102941567881e-03,
       9.9999761154746614e-01, 1.9301912246879559e-03,
       7.4178257613979623e-03, -1.9377446978302302e-03,
       9.9997061007134569e-01 ]
P1: !!opencv-matrix
   rows: 3
   cols: 4
   dt: d
   data: [ 5.0509654423585783e+02, 0., 4.8582451629638672e+02, 0., 0.,
       5.0509654423585783e+02, 2.6985003280639648e+02, 0., 0., 0., 1.,
       0. ]
P2: !!opencv-matrix
   rows: 3
   cols: 4
   dt: d
   data: [ 5.0509654423585783e+02, 0., 4.8582451629638672e+02,
       -2.0800544532859840e+03, 0., 5.0509654423585783e+02,
       2.6985003280639648e+02, 0., 0., 0., 1., 0. ]
Q: !!opencv-matrix
   rows: 4
   cols: 4
   dt: d
   data: [ 1., 0., 0., -4.8582451629638672e+02, 0., 1., 0.,
       -2.6985003280639648e+02, 0., 0., 0., 5.0509654423585783e+02, 0.,
       0., 2.4282851991587392e-01, 0. ]
