%YAML:1.0
---
M1: !!opencv-matrix
   rows: 3
   cols: 3
   dt: d
   data: [ 5.0006643027985308e+02, 0., 4.8167262698562246e+02, 0.,
       5.2964543908005362e+02, 2.6857496748895778e+02, 0., 0., 1. ]
D1: !!opencv-matrix
   rows: 1
   cols: 14
   dt: d
   data: [ 4.2141693468272810e-02, -1.6130615474544990e-01, 0., 0., 0.,
       0., 0., -2.0598761758520984e-01, 0., 0., 0., 0., 0., 0. ]
M2: !!opencv-matrix
   rows: 3
   cols: 3
   dt: d
   data: [ 5.0006643027985308e+02, 0., 4.7886530356864961e+02, 0.,
       5.2964543908005362e+02, 2.7051817232520051e+02, 0., 0., 1. ]
D2: !!opencv-matrix
   rows: 1
   cols: 14
   dt: d
   data: [ 4.5952860366458473e-02, -7.4812693875681721e-02, 0., 0., 0.,
       0., 0., -4.0655904430145710e-02, 0., 0., 0., 0., 0., 0. ]
